5054	89.5	71.5	48.5	 1.5	54.5	57.5	93.5	51.5	54.5	34.5	92.5	 8.5	57.5	 8.5	10.5	66.5	16.5	98.5	62.5	22.5	59.5	58.5	85.5	10.5	60.5	20.5	60.5	92.5	 0.5	97.5	84.5	24.5	20.5	87.5	13.5	32.5	27.5	21.5	 6.5	84.5	14.5	69.5	60.5	 9.5	52.5	 8.5	80.5	30.5	27.5	97.5	78.5	 0.5	66.5	82.5	20.5	93.5	96.5	11.5	76.5	32.5	57.5	77.5	37.5	19.5	24.5	82.5	35.5	31.5	53.5	66.5	64.5	79.5	20.5	57.5	89.5	94.5	65.5	78.5	86.5	54.5	69.5	12.5	 7.5	57.5	17.5	86.5	60.5	39.5	74.5	80.5	14.5	24.5	85.5	15.5	98.5	48.5	39.5	 2.5	77.5	
16.5	5434	52.5	46.5	 8.5	80.5	46.5	71.5	26.5	87.5	24.5	52.5	40.5	46.5	64.5	35.5	14.5	27.5	66.5	53.5	 6.5	15.5	74.5	68.5	80.5	81.5	86.5	33.5	87.5	41.5	 7.5	18.5	 0.5	82.5	 9.5	84.5	34.5	65.5	29.5	29.5	65.5	71.5	77.5	91.5	19.5	88.5	74.5	52.5	91.5	61.5	93.5	33.5	20.5	55.5	26.5	41.5	 6.5	77.5	82.5	28.5	71.5	16.5	74.5	79.5	21.5	65.5	68.5	58.5	66.5	27.5	46.5	99.5	80.5	33.5	54.5	72.5	65.5	14.5	36.5	76.5	14.5	83.5	50.5	74.5	60.5	93.5	83.5	30.5	91.5	44.5	57.5	12.5	43.5	95.5	26.5	51.5	63.5	93.5	85.5	90.5	
71.5	50.5	4624	62.5	83.5	54.5	22.5	56.5	20.5	55.5	77.5	14.5	91.5	40.5	97.5	86.5	77.5	32.5	 0.5	64.5	58.5	72.5	94.5	 3.5	66.5	58.5	48.5	39.5	14.5	39.5	34.5	72.5	21.5	61.5	27.5	 6.5	67.5	65.5	29.5	83.5	86.5	43.5	13.5	55.5	15.5	20.5	52.5	 6.5	71.5	99.5	29.5	47.5	66.5	47.5	 9.5	 3.5	73.5	35.5	32.5	63.5	11.5	35.5	 6.5	30.5	17.5	78.5	74.5	70.5	98.5	73.5	78.5	22.5	15.5	87.5	47.5	32.5	60.5	 5.5	18.5	13.5	95.5	52.5	 7.5	 1.5	86.5	89.5	21.5	39.5	 7.5	96.5	39.5	12.5	42.5	32.5	45.5	63.5	22.5	38.5	 9.5	13.5	
44.5	79.5	61.5	5396	48.5	24.5	43.5	98.5	 4.5	99.5	77.5	88.5	32.5	66.5	83.5	68.5	99.5	90.5	27.5	53.5	58.5	51.5	35.5	61.5	83.5	55.5	17.5	86.5	20.5	89.5	59.5	12.5	74.5	 7.5	 8.5	 2.5	93.5	31.5	47.5	40.5	45.5	32.5	55.5	 8.5	23.5	52.5	15.5	37.5	 0.5	69.5	31.5	11.5	41.5	62.5	70.5	97.5	95.5	68.5	89.5	43.5	77.5	81.5	96.5	 8.5	84.5	95.5	84.5	95.5	31.5	 0.5	 4.5	64.5	15.5	44.5	52.5	 1.5	80.5	55.5	55.5	17.5	73.5	41.5	63.5	69.5	40.5	12.5	31.5	82.5	37.5	13.5	60.5	82.5	69.5	97.5	44.5	42.5	50.5	73.5	91.5	87.5	
43.5	38.5	20.5	27.5	5016	54.5	32.5	32.5	43.5	21.5	72.5	89.5	83.5	52.5	67.5	91.5	15.5	24.5	47.5	65.5	41.5	20.5	11.5	27.5	61.5	27.5	11.5	 3.5	64.5	82.5	16.5	88.5	17.5	 9.5	25.5	16.5	98.5	63.5	85.5	18.5	94.5	35.5	33.5	13.5	65.5	40.5	32.5	72.5	69.5	23.5	66.5	58.5	36.5	83.5	58.5	95.5	42.5	61.5	83.5	36.5	88.5	26.5	32.5	95.5	21.5	74.5	35.5	75.5	72.5	98.5	31.5	15.5	34.5	48.5	 2.5	28.5	53.5	88.5	45.5	32.5	78.5	67.5	77.5	88.5	43.5	 8.5	38.5	86.5	87.5	67.5	94.5	64.5	26.5	73.5	44.5	67.5	 0.5	51.5	10.5	87.5	
90.5	63.5	42.5	66.5	43.5	5310	79.5	11.5	69.5	74.5	66.5	60.5	95.5	89.5	85.5	33.5	66.5	84.5	92.5	53.5	27.5	52.5	92.5	85.5	89.5	12.5	20.5	12.5	65.5	41.5	25.5	22.5	57.5	90.5	92.5	35.5	74.5	87.5	 2.5	25.5	 9.5	 3.5	68.5	13.5	77.5	18.5	66.5	74.5	19.5	84.5	72.5	42.5	58.5	96.5	15.5	37.5	56.5	48.5	 1.5	91.5	37.5	29.5	89.5	98.5	98.5	10.5	33.5	68.5	20.5	56.5	84.5	81.5	46.5	40.5	46.5	 8.5	84.5	44.5	78.5	94.5	70.5	46.5	99.5	 4.5	 9.5	43.5	22.5	11.5	 4.5	20.5	39.5	85.5	81.5	43.5	66.5	13.5	57.5	39.5	68.5	 1.5	
 3.5	78.5	59.5	 3.5	44.5	13.5	5164	16.5	86.5	19.5	50.5	 7.5	62.5	17.5	31.5	26.5	41.5	89.5	 2.5	48.5	79.5	33.5	16.5	87.5	48.5	37.5	51.5	34.5	15.5	82.5	83.5	85.5	50.5	87.5	29.5	83.5	61.5	89.5	50.5	 9.5	70.5	45.5	61.5	34.5	47.5	 8.5	25.5	91.5	42.5	51.5	30.5	47.5	30.5	92.5	22.5	69.5	91.5	69.5	97.5	37.5	60.5	94.5	72.5	64.5	79.5	76.5	61.5	40.5	57.5	69.5	 0.5	95.5	18.5	41.5	40.5	39.5	67.5	35.5	 4.5	46.5	34.5	32.5	43.5	47.5	69.5	63.5	51.5	45.5	79.5	91.5	94.5	62.5	20.5	69.5	74.5	78.5	51.5	33.5	86.5	 9.5	
21.5	72.5	75.5	59.5	79.5	26.5	22.5	4967	60.5	28.5	73.5	76.5	18.5	54.5	75.5	 4.5	35.5	25.5	62.5	59.5	54.5	15.5	17.5	21.5	74.5	 5.5	 4.5	58.5	33.5	29.5	42.5	81.5	55.5	63.5	43.5	93.5	22.5	23.5	67.5	43.5	60.5	67.5	79.5	65.5	78.5	35.5	71.5	71.5	 4.5	86.5	99.5	16.5	99.5	90.5	30.5	48.5	22.5	92.5	52.5	95.5	80.5	41.5	 3.5	72.5	52.5	48.5	64.5	87.5	54.5	95.5	43.5	64.5	46.5	71.5	 8.5	29.5	79.5	84.5	95.5	17.5	 5.5	45.5	38.5	34.5	25.5	18.5	 6.5	68.5	96.5	 7.5	31.5	64.5	99.5	 2.5	76.5	 3.5	39.5	15.5	34.5	47.5	
67.5	28.5	50.5	 7.5	 3.5	32.5	40.5	 7.5	4844	87.5	52.5	51.5	31.5	58.5	 5.5	89.5	84.5	 3.5	39.5	53.5	66.5	14.5	35.5	42.5	24.5	93.5	39.5	10.5	65.5	82.5	79.5	97.5	26.5	55.5	35.5	38.5	68.5	27.5	66.5	74.5	63.5	67.5	62.5	93.5	15.5	67.5	21.5	71.5	42.5	58.5	35.5	61.5	34.5	75.5	45.5	12.5	76.5	66.5	30.5	37.5	 5.5	66.5	28.5	66.5	88.5	 5.5	69.5	76.5	49.5	65.5	14.5	49.5	36.5	43.5	28.5	88.5	45.5	77.5	 9.5	74.5	 3.5	28.5	85.5	91.5	14.5	84.5	38.5	10.5	57.5	59.5	80.5	 1.5	59.5	48.5	10.5	13.5	62.5	 4.5	57.5	96.5	
50.5	66.5	60.5	59.5	 0.5	13.5	35.5	17.5	96.5	4873	95.5	75.5	79.5	37.5	92.5	26.5	47.5	26.5	55.5	60.5	49.5	83.5	86.5	28.5	83.5	 4.5	13.5	51.5	34.5	59.5	15.5	23.5	86.5	64.5	22.5	 7.5	40.5	 3.5	75.5	 4.5	64.5	 9.5	85.5	27.5	 1.5	27.5	47.5	99.5	34.5	24.5	96.5	 7.5	62.5	46.5	87.5	55.5	30.5	36.5	63.5	91.5	17.5	18.5	93.5	 9.5	 9.5	93.5	43.5	17.5	48.5	32.5	87.5	21.5	89.5	91.5	53.5	54.5	60.5	74.5	89.5	40.5	80.5	18.5	33.5	80.5	44.5	 0.5	37.5	64.5	11.5	92.5	19.5	 7.5	99.5	32.5	25.5	63.5	55.5	40.5	89.5	51.5	
93.5	28.5	33.5	76.5	63.5	66.5	84.5	 6.5	20.5	50.5	4672	52.5	62.5	61.5	59.5	49.5	62.5	43.5	56.5	49.5	 1.5	56.5	90.5	 3.5	19.5	52.5	94.5	56.5	63.5	14.5	35.5	21.5	94.5	90.5	10.5	63.5	68.5	49.5	33.5	38.5	59.5	41.5	82.5	52.5	13.5	96.5	46.5	87.5	 4.5	22.5	10.5	64.5	91.5	47.5	88.5	69.5	16.5	21.5	20.5	81.5	20.5	30.5	89.5	 2.5	99.5	44.5	 6.5	19.5	21.5	82.5	18.5	72.5	40.5	10.5	24.5	11.5	35.5	48.5	79.5	80.5	45.5	29.5	50.5	 8.5	62.5	83.5	81.5	20.5	15.5	17.5	 7.5	92.5	 8.5	10.5	27.5	78.5	24.5	31.5	17.5	49.5	
36.5	82.5	 4.5	27.5	50.5	78.5	93.5	23.5	14.5	85.5	 2.5	4906	61.5	76.5	33.5	18.5	49.5	42.5	62.5	24.5	67.5	31.5	55.5	91.5	45.5	59.5	83.5	72.5	70.5	17.5	19.5	10.5	76.5	94.5	14.5	75.5	57.5	45.5	30.5	47.5	85.5	89.5	 4.5	24.5	22.5	73.5	91.5	62.5	53.5	 7.5	82.5	74.5	76.5	78.5	 0.5	41.5	57.5	56.5	28.5	32.5	82.5	92.5	63.5	90.5	53.5	21.5	62.5	26.5	70.5	32.5	18.5	 9.5	 6.5	74.5	89.5	 5.5	23.5	96.5	98.5	39.5	26.5	38.5	16.5	15.5	16.5	14.5	89.5	62.5	83.5	51.5	 5.5	80.5	 2.5	74.5	48.5	42.5	80.5	55.5	28.5	 2.5	
63.5	49.5	50.5	16.5	88.5	79.5	46.5	81.5	82.5	 2.5	25.5	24.5	4639	81.5	17.5	70.5	82.5	49.5	61.5	25.5	71.5	26.5	44.5	99.5	37.5	69.5	28.5	88.5	52.5	36.5	20.5	 4.5	 2.5	88.5	46.5	41.5	72.5	 5.5	99.5	23.5	13.5	19.5	 4.5	60.5	23.5	79.5	69.5	30.5	71.5	39.5	52.5	 7.5	 4.5	15.5	 8.5	21.5	 3.5	28.5	14.5	70.5	97.5	30.5	44.5	 5.5	94.5	57.5	12.5	33.5	61.5	19.5	 8.5	82.5	47.5	61.5	59.5	38.5	44.5	59.5	78.5	26.5	48.5	53.5	81.5	41.5	 2.5	80.5	 3.5	87.5	35.5	52.5	 5.5	77.5	33.5	66.5	25.5	73.5	94.5	49.5	30.5	38.5	
53.5	32.5	97.5	24.5	 9.5	80.5	17.5	97.5	21.5	78.5	59.5	57.5	50.5	5070	65.5	74.5	13.5	55.5	26.5	78.5	69.5	 5.5	47.5	33.5	17.5	73.5	47.5	 2.5	57.5	18.5	17.5	10.5	87.5	88.5	17.5	59.5	 5.5	89.5	86.5	53.5	78.5	47.5	80.5	55.5	50.5	67.5	42.5	95.5	50.5	 2.5	69.5	87.5	 7.5	25.5	 9.5	63.5	73.5	42.5	11.5	31.5	67.5	 1.5	64.5	83.5	53.5	44.5	98.5	44.5	27.5	83.5	85.5	76.5	60.5	23.5	39.5	72.5	45.5	69.5	90.5	34.5	15.5	73.5	61.5	26.5	26.5	11.5	85.5	21.5	 4.5	81.5	54.5	 4.5	37.5	71.5	59.5	53.5	96.5	20.5	99.5	51.5	
58.5	44.5	95.5	81.5	60.5	60.5	27.5	55.5	33.5	85.5	18.5	76.5	15.5	49.5	4518	18.5	77.5	55.5	31.5	96.5	18.5	 8.5	21.5	53.5	24.5	74.5	32.5	42.5	24.5	56.5	33.5	53.5	14.5	58.5	61.5	99.5	98.5	80.5	 5.5	68.5	24.5	29.5	71.5	22.5	30.5	90.5	23.5	 7.5	76.5	18.5	11.5	87.5	 9.5	41.5	63.5	37.5	23.5	 4.5	25.5	 4.5	15.5	83.5	80.5	38.5	22.5	 5.5	26.5	60.5	67.5	 7.5	76.5	 4.5	10.5	11.5	13.5	19.5	 4.5	15.5	 1.5	49.5	96.5	35.5	 7.5	59.5	54.5	31.5	53.5	72.5	 6.5	69.5	31.5	75.5	74.5	61.5	71.5	79.5	55.5	90.5	67.5	54.5	
20.5	55.5	80.5	59.5	14.5	25.5	16.5	10.5	29.5	26.5	69.5	65.5	90.5	63.5	82.5	4853	33.5	95.5	77.5	43.5	78.5	79.5	61.5	69.5	49.5	19.5	82.5	57.5	76.5	55.5	59.5	 6.5	75.5	98.5	78.5	46.5	 7.5	14.5	82.5	76.5	76.5	16.5	17.5	 6.5	22.5	45.5	35.5	96.5	37.5	 2.5	 2.5	75.5	35.5	55.5	88.5	20.5	76.5	22.5	18.5	 8.5	48.5	26.5	30.5	32.5	38.5	10.5	51.5	13.5	25.5	84.5	31.5	14.5	 7.5	77.5	50.5	21.5	63.5	87.5	86.5	34.5	43.5	65.5	30.5	81.5	27.5	45.5	94.5	31.5	53.5	87.5	55.5	56.5	49.5	73.5	 7.5	64.5	43.5	70.5	48.5	 6.5	
68.5	93.5	92.5	83.5	53.5	53.5	76.5	 2.5	80.5	79.5	78.5	92.5	88.5	41.5	75.5	 7.5	5812	 1.5	97.5	90.5	67.5	97.5	21.5	80.5	55.5	10.5	29.5	34.5	38.5	79.5	74.5	94.5	57.5	83.5	61.5	71.5	70.5	44.5	 8.5	51.5	81.5	46.5	63.5	32.5	87.5	83.5	 7.5	78.5	13.5	48.5	64.5	 7.5	57.5	76.5	58.5	32.5	88.5	11.5	77.5	96.5	51.5	62.5	69.5	26.5	71.5	61.5	26.5	12.5	62.5	73.5	92.5	13.5	69.5	63.5	15.5	18.5	55.5	68.5	99.5	37.5	99.5	86.5	30.5	 2.5	33.5	60.5	28.5	22.5	52.5	62.5	70.5	56.5	92.5	72.5	82.5	38.5	94.5	70.5	15.5	85.5	
22.5	 6.5	49.5	56.5	26.5	 8.5	47.5	27.5	40.5	41.5	39.5	82.5	85.5	48.5	72.5	47.5	81.5	4508	86.5	56.5	99.5	97.5	79.5	21.5	88.5	 3.5	45.5	71.5	40.5	40.5	15.5	45.5	41.5	28.5	42.5	46.5	43.5	39.5	18.5	24.5	80.5	25.5	29.5	23.5	96.5	22.5	96.5	 0.5	35.5	11.5	23.5	67.5	 6.5	30.5	73.5	75.5	20.5	94.5	20.5	73.5	78.5	65.5	30.5	96.5	 9.5	76.5	37.5	40.5	74.5	24.5	80.5	68.5	26.5	49.5	75.5	 5.5	19.5	11.5	87.5	99.5	23.5	60.5	18.5	85.5	15.5	29.5	17.5	73.5	11.5	20.5	26.5	33.5	 8.5	41.5	33.5	17.5	 6.5	36.5	30.5	65.5	
67.5	13.5	 1.5	23.5	80.5	68.5	44.5	 2.5	28.5	40.5	32.5	35.5	73.5	82.5	35.5	43.5	 6.5	32.5	4607	 1.5	49.5	20.5	14.5	38.5	74.5	69.5	65.5	44.5	96.5	44.5	45.5	55.5	87.5	44.5	 7.5	44.5	85.5	93.5	48.5	77.5	70.5	49.5	32.5	36.5	91.5	52.5	68.5	52.5	92.5	13.5	49.5	30.5	85.5	14.5	 4.5	88.5	90.5	21.5	47.5	67.5	86.5	27.5	97.5	 0.5	30.5	 6.5	12.5	27.5	73.5	21.5	22.5	25.5	55.5	86.5	42.5	19.5	94.5	51.5	37.5	24.5	72.5	65.5	88.5	 6.5	 3.5	 7.5	55.5	67.5	30.5	82.5	43.5	19.5	33.5	16.5	68.5	16.5	54.5	 2.5	90.5	14.5	
21.5	97.5	40.5	19.5	64.5	18.5	43.5	94.5	64.5	12.5	53.5	54.5	96.5	15.5	97.5	12.5	59.5	80.5	57.5	5192	51.5	49.5	40.5	68.5	39.5	62.5	 5.5	76.5	48.5	29.5	39.5	66.5	76.5	 1.5	67.5	88.5	 3.5	93.5	99.5	75.5	31.5	71.5	85.5	94.5	57.5	39.5	43.5	28.5	23.5	86.5	63.5	65.5	 1.5	 6.5	 6.5	28.5	83.5	52.5	21.5	63.5	98.5	87.5	 8.5	98.5	 3.5	87.5	34.5	41.5	94.5	78.5	45.5	92.5	47.5	42.5	78.5	 4.5	36.5	11.5	80.5	67.5	39.5	 9.5	38.5	48.5	11.5	61.5	89.5	17.5	89.5	65.5	30.5	 5.5	78.5	74.5	56.5	33.5	 1.5	74.5	50.5	37.5	
97.5	36.5	67.5	36.5	55.5	10.5	15.5	71.5	95.5	40.5	17.5	38.5	46.5	12.5	31.5	70.5	79.5	61.5	78.5	57.5	5350	18.5	 8.5	92.5	 9.5	50.5	28.5	99.5	70.5	73.5	29.5	14.5	51.5	27.5	94.5	75.5	64.5	72.5	45.5	27.5	99.5	28.5	98.5	77.5	56.5	71.5	26.5	74.5	98.5	63.5	89.5	46.5	57.5	16.5	33.5	81.5	57.5	24.5	73.5	49.5	16.5	77.5	53.5	99.5	51.5	 8.5	 2.5	68.5	88.5	 3.5	96.5	22.5	44.5	74.5	 5.5	 0.5	91.5	45.5	29.5	90.5	 5.5	61.5	96.5	68.5	 4.5	72.5	60.5	65.5	57.5	 9.5	60.5	90.5	47.5	84.5	32.5	16.5	89.5	62.5	90.5	 7.5	
93.5	61.5	 8.5	25.5	75.5	35.5	10.5	 0.5	16.5	24.5	95.5	61.5	60.5	52.5	96.5	42.5	50.5	25.5	63.5	65.5	 5.5	4794	55.5	55.5	36.5	76.5	98.5	 1.5	41.5	64.5	10.5	19.5	13.5	15.5	81.5	18.5	 0.5	52.5	 3.5	26.5	78.5	10.5	72.5	76.5	61.5	45.5	94.5	11.5	61.5	80.5	75.5	77.5	 8.5	64.5	99.5	69.5	16.5	47.5	13.5	32.5	65.5	58.5	84.5	 1.5	19.5	56.5	72.5	80.5	 7.5	92.5	96.5	73.5	13.5	80.5	46.5	33.5	31.5	31.5	81.5	 8.5	72.5	64.5	75.5	38.5	14.5	17.5	 3.5	36.5	64.5	62.5	72.5	 9.5	82.5	85.5	63.5	14.5	11.5	34.5	25.5	74.5	
95.5	65.5	74.5	12.5	74.5	80.5	32.5	69.5	70.5	66.5	28.5	88.5	70.5	72.5	 3.5	52.5	24.5	39.5	 4.5	96.5	21.5	28.5	5288	 8.5	21.5	99.5	15.5	 9.5	50.5	89.5	76.5	92.5	68.5	41.5	56.5	87.5	56.5	15.5	81.5	73.5	93.5	52.5	60.5	70.5	46.5	21.5	69.5	48.5	93.5	66.5	82.5	47.5	48.5	72.5	91.5	92.5	50.5	10.5	23.5	82.5	96.5	56.5	11.5	20.5	24.5	17.5	 7.5	30.5	74.5	63.5	 1.5	74.5	33.5	96.5	51.5	94.5	92.5	48.5	15.5	95.5	74.5	68.5	 4.5	67.5	51.5	 5.5	 3.5	12.5	56.5	61.5	87.5	76.5	48.5	21.5	10.5	76.5	11.5	36.5	11.5	81.5	
43.5	24.5	68.5	94.5	82.5	81.5	52.5	92.5	53.5	97.5	17.5	81.5	58.5	37.5	23.5	57.5	66.5	73.5	13.5	58.5	83.5	13.5	24.5	4999	89.5	17.5	83.5	13.5	39.5	13.5	64.5	 9.5	16.5	92.5	82.5	48.5	81.5	90.5	49.5	17.5	81.5	79.5	75.5	36.5	 0.5	70.5	96.5	15.5	36.5	54.5	76.5	17.5	93.5	39.5	43.5	33.5	39.5	88.5	65.5	18.5	54.5	20.5	51.5	90.5	17.5	27.5	46.5	71.5	57.5	11.5	39.5	29.5	44.5	10.5	55.5	25.5	85.5	61.5	48.5	93.5	39.5	37.5	43.5	93.5	 2.5	65.5	27.5	18.5	24.5	60.5	10.5	17.5	32.5	33.5	30.5	31.5	87.5	96.5	19.5	42.5	
 7.5	63.5	70.5	33.5	77.5	47.5	77.5	94.5	89.5	24.5	79.5	66.5	62.5	56.5	50.5	40.5	81.5	21.5	 9.5	35.5	 8.5	74.5	 4.5	49.5	4991	74.5	47.5	 9.5	 8.5	93.5	78.5	15.5	 2.5	 6.5	41.5	45.5	48.5	 5.5	83.5	30.5	98.5	88.5	13.5	57.5	46.5	89.5	88.5	31.5	45.5	90.5	82.5	42.5	93.5	 9.5	 9.5	74.5	22.5	97.5	40.5	40.5	21.5	93.5	64.5	44.5	49.5	 3.5	26.5	83.5	72.5	83.5	81.5	26.5	93.5	17.5	22.5	54.5	48.5	52.5	10.5	56.5	 5.5	73.5	65.5	50.5	13.5	36.5	33.5	63.5	74.5	 4.5	96.5	75.5	 1.5	73.5	85.5	79.5	59.5	 5.5	28.5	60.5	
 0.5	 1.5	66.5	41.5	 1.5	19.5	 6.5	44.5	16.5	26.5	55.5	71.5	97.5	37.5	 9.5	51.5	73.5	80.5	31.5	84.5	12.5	88.5	87.5	60.5	90.5	4815	68.5	76.5	82.5	72.5	59.5	48.5	72.5	84.5	25.5	34.5	17.5	40.5	40.5	50.5	53.5	42.5	87.5	49.5	72.5	67.5	75.5	64.5	37.5	21.5	19.5	95.5	19.5	44.5	20.5	89.5	32.5	16.5	18.5	68.5	13.5	71.5	41.5	16.5	50.5	38.5	 7.5	65.5	22.5	69.5	21.5	95.5	67.5	39.5	41.5	 7.5	53.5	43.5	43.5	22.5	44.5	33.5	87.5	43.5	75.5	76.5	93.5	56.5	20.5	48.5	61.5	 0.5	98.5	19.5	74.5	 1.5	84.5	 7.5	 2.5	49.5	
14.5	20.5	22.5	93.5	 0.5	24.5	39.5	48.5	37.5	50.5	72.5	43.5	97.5	90.5	93.5	10.5	52.5	67.5	73.5	 4.5	37.5	86.5	 0.5	16.5	68.5	61.5	4742	21.5	39.5	91.5	98.5	71.5	34.5	19.5	80.5	 1.5	79.5	 5.5	 3.5	 9.5	45.5	 7.5	 6.5	48.5	95.5	36.5	71.5	70.5	55.5	 5.5	33.5	 6.5	87.5	73.5	18.5	97.5	56.5	87.5	16.5	41.5	49.5	49.5	21.5	76.5	75.5	70.5	36.5	26.5	62.5	 7.5	50.5	 8.5	78.5	67.5	97.5	73.5	43.5	30.5	32.5	50.5	26.5	52.5	71.5	72.5	 6.5	57.5	40.5	88.5	37.5	71.5	86.5	24.5	62.5	37.5	17.5	21.5	 3.5	35.5	62.5	33.5	
47.5	93.5	97.5	38.5	86.5	92.5	29.5	35.5	96.5	57.5	30.5	57.5	87.5	67.5	88.5	69.5	99.5	41.5	14.5	57.5	78.5	56.5	15.5	98.5	78.5	18.5	10.5	5637	15.5	78.5	88.5	19.5	97.5	 6.5	80.5	43.5	99.5	83.5	59.5	25.5	49.5	24.5	66.5	28.5	67.5	81.5	33.5	58.5	82.5	94.5	85.5	10.5	75.5	74.5	24.5	85.5	82.5	81.5	91.5	79.5	21.5	85.5	88.5	53.5	52.5	91.5	 5.5	66.5	11.5	78.5	 9.5	11.5	30.5	72.5	70.5	71.5	20.5	50.5	23.5	55.5	83.5	97.5	26.5	13.5	 7.5	69.5	28.5	87.5	49.5	92.5	 0.5	58.5	66.5	22.5	97.5	80.5	 1.5	48.5	 8.5	67.5	
26.5	54.5	23.5	 2.5	 2.5	98.5	 1.5	17.5	90.5	69.5	81.5	34.5	80.5	45.5	33.5	25.5	12.5	67.5	 3.5	 9.5	66.5	17.5	86.5	 9.5	14.5	12.5	71.5	87.5	5262	 2.5	25.5	98.5	55.5	34.5	62.5	54.5	 9.5	58.5	60.5	67.5	59.5	85.5	92.5	90.5	99.5	98.5	96.5	54.5	87.5	50.5	 3.5	 7.5	12.5	42.5	93.5	48.5	55.5	91.5	35.5	11.5	99.5	85.5	38.5	89.5	 3.5	57.5	67.5	29.5	13.5	70.5	70.5	89.5	63.5	46.5	79.5	99.5	36.5	58.5	 8.5	94.5	23.5	83.5	93.5	54.5	32.5	55.5	28.5	19.5	27.5	64.5	48.5	 0.5	97.5	70.5	92.5	79.5	88.5	95.5	12.5	64.5	
42.5	44.5	 8.5	17.5	64.5	 8.5	99.5	73.5	79.5	98.5	48.5	59.5	 4.5	14.5	11.5	61.5	84.5	99.5	 3.5	82.5	89.5	26.5	 3.5	 3.5	54.5	24.5	79.5	73.5	52.5	4402	87.5	53.5	58.5	77.5	23.5	50.5	79.5	41.5	83.5	18.5	31.5	82.5	33.5	47.5	51.5	13.5	37.5	23.5	73.5	61.5	20.5	22.5	24.5	85.5	60.5	20.5	47.5	62.5	70.5	99.5	 0.5	33.5	45.5	 9.5	23.5	23.5	 7.5	 0.5	67.5	83.5	 6.5	 1.5	32.5	28.5	32.5	16.5	94.5	72.5	74.5	75.5	19.5	60.5	61.5	57.5	27.5	12.5	34.5	48.5	43.5	13.5	80.5	16.5	 7.5	 6.5	47.5	38.5	19.5	16.5	39.5	53.5	
70.5	73.5	24.5	84.5	55.5	78.5	41.5	68.5	 9.5	26.5	32.5	28.5	90.5	27.5	10.5	52.5	65.5	81.5	16.5	85.5	79.5	72.5	22.5	 9.5	14.5	92.5	69.5	83.5	49.5	76.5	4992	19.5	46.5	55.5	11.5	 6.5	73.5	70.5	74.5	 9.5	45.5	54.5	38.5	94.5	36.5	61.5	50.5	90.5	 2.5	47.5	10.5	28.5	42.5	19.5	25.5	 7.5	12.5	 1.5	97.5	96.5	62.5	46.5	55.5	58.5	86.5	74.5	80.5	94.5	76.5	17.5	80.5	48.5	40.5	42.5	34.5	55.5	70.5	76.5	56.5	61.5	20.5	33.5	17.5	82.5	39.5	32.5	12.5	31.5	62.5	53.5	38.5	56.5	55.5	16.5	31.5	59.5	76.5	78.5	13.5	63.5	
71.5	97.5	19.5	54.5	29.5	87.5	37.5	11.5	63.5	52.5	17.5	19.5	34.5	14.5	 2.5	62.5	 0.5	79.5	50.5	58.5	53.5	77.5	45.5	76.5	31.5	57.5	52.5	62.5	40.5	85.5	11.5	4958	87.5	84.5	53.5	51.5	84.5	57.5	42.5	 5.5	19.5	39.5	10.5	66.5	 0.5	75.5	60.5	87.5	50.5	 2.5	93.5	33.5	29.5	89.5	58.5	60.5	38.5	10.5	43.5	 1.5	88.5	37.5	85.5	60.5	98.5	 2.5	14.5	98.5	94.5	37.5	60.5	46.5	80.5	31.5	24.5	70.5	 3.5	67.5	76.5	77.5	83.5	 2.5	22.5	23.5	96.5	10.5	75.5	64.5	98.5	 9.5	62.5	16.5	41.5	64.5	13.5	71.5	75.5	61.5	30.5	 0.5	
78.5	26.5	51.5	89.5	55.5	43.5	40.5	44.5	87.5	86.5	50.5	75.5	45.5	35.5	67.5	99.5	 9.5	55.5	64.5	 6.5	50.5	79.5	 1.5	12.5	94.5	71.5	99.5	63.5	84.5	98.5	97.5	25.5	5404	60.5	88.5	35.5	44.5	83.5	18.5	47.5	94.5	42.5	 8.5	41.5	42.5	91.5	39.5	69.5	77.5	76.5	56.5	 3.5	78.5	89.5	86.5	32.5	15.5	20.5	93.5	49.5	 3.5	44.5	 1.5	78.5	56.5	94.5	81.5	73.5	16.5	56.5	20.5	87.5	 4.5	12.5	40.5	 5.5	78.5	18.5	85.5	95.5	70.5	97.5	20.5	69.5	43.5	23.5	73.5	30.5	12.5	34.5	85.5	26.5	27.5	93.5	88.5	51.5	36.5	80.5	 2.5	 4.5	
79.5	 0.5	 4.5	 1.5	45.5	21.5	33.5	23.5	 7.5	54.5	92.5	40.5	58.5	91.5	87.5	48.5	79.5	96.5	86.5	96.5	70.5	59.5	30.5	47.5	37.5	77.5	19.5	67.5	50.5	82.5	35.5	86.5	94.5	4745	28.5	58.5	 7.5	17.5	58.5	20.5	16.5	62.5	65.5	64.5	83.5	59.5	54.5	98.5	84.5	27.5	39.5	39.5	 4.5	22.5	68.5	64.5	37.5	54.5	15.5	38.5	84.5	66.5	15.5	 5.5	14.5	78.5	 5.5	14.5	11.5	 6.5	31.5	26.5	36.5	33.5	41.5	81.5	12.5	98.5	37.5	19.5	66.5	12.5	22.5	42.5	89.5	67.5	88.5	52.5	11.5	 9.5	62.5	71.5	14.5	26.5	64.5	78.5	84.5	28.5	15.5	65.5	
94.5	65.5	 8.5	23.5	54.5	41.5	60.5	98.5	 1.5	45.5	74.5	85.5	61.5	86.5	68.5	63.5	70.5	47.5	73.5	17.5	98.5	 9.5	81.5	84.5	46.5	77.5	45.5	10.5	90.5	55.5	40.5	50.5	99.5	59.5	5060	65.5	55.5	73.5	63.5	79.5	83.5	25.5	76.5	65.5	24.5	43.5	73.5	48.5	31.5	77.5	59.5	 9.5	19.5	27.5	44.5	91.5	 2.5	58.5	23.5	 2.5	 2.5	16.5	26.5	25.5	65.5	43.5	92.5	14.5	66.5	 4.5	16.5	40.5	46.5	 2.5	11.5	98.5	87.5	31.5	78.5	42.5	 2.5	45.5	88.5	73.5	39.5	13.5	33.5	 9.5	53.5	16.5	71.5	35.5	31.5	79.5	71.5	89.5	18.5	94.5	87.5	59.5	
59.5	 3.5	50.5	 8.5	39.5	18.5	 8.5	 3.5	40.5	62.5	67.5	87.5	32.5	54.5	96.5	89.5	18.5	47.5	99.5	80.5	35.5	97.5	12.5	52.5	16.5	88.5	36.5	 9.5	91.5	42.5	82.5	20.5	85.5	70.5	59.5	4959	41.5	38.5	16.5	99.5	54.5	65.5	90.5	 9.5	90.5	24.5	94.5	78.5	19.5	14.5	70.5	51.5	75.5	86.5	 7.5	74.5	54.5	48.5	 5.5	 1.5	90.5	50.5	68.5	 8.5	23.5	27.5	33.5	16.5	20.5	97.5	76.5	69.5	14.5	92.5	23.5	13.5	42.5	47.5	50.5	78.5	52.5	91.5	12.5	18.5	98.5	32.5	91.5	77.5	46.5	51.5	56.5	19.5	57.5	45.5	 2.5	26.5	 0.5	46.5	54.5	66.5	
94.5	 9.5	11.5	51.5	 6.5	 1.5	31.5	56.5	46.5	82.5	 1.5	40.5	93.5	31.5	89.5	47.5	46.5	32.5	77.5	 3.5	93.5	25.5	67.5	57.5	77.5	62.5	51.5	 5.5	53.5	20.5	64.5	55.5	45.5	36.5	26.5	23.5	5069	 2.5	11.5	41.5	93.5	69.5	95.5	32.5	32.5	82.5	87.5	32.5	 9.5	66.5	93.5	58.5	99.5	35.5	40.5	73.5	70.5	65.5	 3.5	14.5	46.5	41.5	61.5	 3.5	39.5	71.5	18.5	71.5	31.5	25.5	25.5	77.5	68.5	27.5	43.5	35.5	85.5	68.5	94.5	41.5	87.5	93.5	83.5	71.5	84.5	24.5	20.5	19.5	62.5	24.5	98.5	94.5	77.5	83.5	62.5	48.5	47.5	68.5	63.5	 1.5	
46.5	96.5	51.5	32.5	 0.5	66.5	78.5	51.5	11.5	 8.5	 4.5	55.5	81.5	69.5	53.5	97.5	12.5	69.5	23.5	35.5	50.5	92.5	 5.5	96.5	89.5	95.5	37.5	49.5	42.5	 1.5	73.5	18.5	93.5	65.5	28.5	56.5	 1.5	4945	81.5	94.5	46.5	82.5	18.5	66.5	94.5	48.5	12.5	77.5	65.5	44.5	82.5	17.5	54.5	44.5	65.5	13.5	51.5	 4.5	91.5	70.5	72.5	15.5	39.5	25.5	43.5	64.5	75.5	57.5	72.5	 5.5	91.5	70.5	57.5	20.5	29.5	50.5	33.5	19.5	45.5	28.5	68.5	49.5	40.5	10.5	14.5	15.5	43.5	99.5	13.5	89.5	74.5	81.5	 8.5	54.5	38.5	31.5	18.5	 9.5	37.5	94.5	
77.5	72.5	36.5	44.5	81.5	53.5	85.5	56.5	16.5	72.5	46.5	21.5	44.5	72.5	 0.5	37.5	 6.5	 6.5	91.5	63.5	65.5	89.5	98.5	29.5	70.5	38.5	96.5	63.5	68.5	66.5	71.5	63.5	 3.5	21.5	 3.5	55.5	11.5	46.5	4953	96.5	77.5	 4.5	92.5	40.5	41.5	71.5	14.5	99.5	14.5	40.5	80.5	45.5	74.5	45.5	45.5	47.5	55.5	28.5	44.5	66.5	64.5	85.5	 8.5	68.5	88.5	54.5	48.5	54.5	40.5	39.5	34.5	14.5	12.5	42.5	17.5	22.5	39.5	96.5	93.5	40.5	46.5	89.5	58.5	11.5	38.5	61.5	63.5	 6.5	 1.5	56.5	60.5	32.5	39.5	26.5	66.5	 7.5	 4.5	42.5	74.5	57.5	
 4.5	24.5	68.5	95.5	78.5	37.5	13.5	91.5	16.5	84.5	32.5	77.5	26.5	 9.5	 1.5	70.5	30.5	67.5	82.5	 3.5	57.5	23.5	83.5	87.5	99.5	52.5	22.5	95.5	18.5	81.5	92.5	54.5	86.5	85.5	52.5	75.5	62.5	29.5	43.5	4821	11.5	19.5	47.5	14.5	 7.5	46.5	36.5	65.5	83.5	18.5	83.5	26.5	28.5	 5.5	89.5	57.5	45.5	82.5	47.5	37.5	69.5	93.5	 4.5	66.5	 5.5	47.5	24.5	 3.5	 1.5	64.5	22.5	93.5	60.5	38.5	21.5	42.5	51.5	76.5	50.5	77.5	93.5	55.5	85.5	74.5	20.5	11.5	 0.5	84.5	55.5	21.5	56.5	14.5	76.5	35.5	19.5	 3.5	20.5	56.5	42.5	65.5	
74.5	12.5	79.5	23.5	58.5	58.5	41.5	99.5	35.5	28.5	72.5	 7.5	62.5	60.5	51.5	42.5	36.5	22.5	90.5	23.5	 7.5	16.5	77.5	 7.5	22.5	47.5	59.5	32.5	 4.5	29.5	19.5	23.5	88.5	20.5	90.5	65.5	78.5	58.5	67.5	46.5	4840	39.5	11.5	46.5	35.5	80.5	33.5	29.5	 4.5	34.5	81.5	85.5	63.5	95.5	47.5	89.5	30.5	46.5	19.5	84.5	89.5	37.5	58.5	74.5	61.5	37.5	80.5	58.5	38.5	58.5	 7.5	85.5	22.5	97.5	70.5	74.5	47.5	18.5	95.5	70.5	 4.5	 3.5	18.5	82.5	18.5	24.5	84.5	 6.5	 0.5	90.5	19.5	89.5	25.5	89.5	10.5	79.5	 9.5	73.5	15.5	81.5	
88.5	91.5	27.5	29.5	36.5	77.5	22.5	81.5	76.5	23.5	49.5	14.5	11.5	17.5	97.5	46.5	 5.5	48.5	68.5	67.5	69.5	14.5	70.5	35.5	71.5	11.5	65.5	13.5	15.5	20.5	23.5	68.5	14.5	45.5	41.5	22.5	66.5	16.5	71.5	37.5	56.5	4816	 1.5	13.5	89.5	10.5	24.5	 2.5	69.5	 2.5	36.5	91.5	89.5	82.5	24.5	24.5	 2.5	92.5	17.5	44.5	35.5	 6.5	44.5	45.5	34.5	70.5	91.5	44.5	89.5	90.5	68.5	88.5	60.5	76.5	22.5	70.5	17.5	85.5	56.5	83.5	80.5	84.5	 5.5	97.5	69.5	85.5	23.5	 3.5	66.5	31.5	42.5	70.5	53.5	71.5	11.5	11.5	78.5	34.5	24.5	99.5	
20.5	38.5	85.5	90.5	46.5	 2.5	51.5	87.5	45.5	35.5	 0.5	99.5	60.5	17.5	36.5	44.5	40.5	42.5	96.5	79.5	34.5	 5.5	23.5	 5.5	97.5	32.5	61.5	72.5	76.5	84.5	20.5	99.5	50.5	12.5	28.5	76.5	68.5	82.5	83.5	79.5	55.5	73.5	5135	56.5	 7.5	44.5	88.5	 4.5	47.5	34.5	75.5	90.5	78.5	30.5	92.5	11.5	53.5	24.5	75.5	14.5	74.5	 5.5	65.5	26.5	 8.5	63.5	58.5	84.5	 8.5	65.5	23.5	85.5	91.5	22.5	 2.5	 8.5	33.5	15.5	61.5	80.5	62.5	90.5	21.5	81.5	15.5	28.5	64.5	71.5	63.5	79.5	74.5	63.5	 2.5	 8.5	61.5	49.5	78.5	71.5	62.5	45.5	
73.5	49.5	14.5	53.5	 9.5	64.5	19.5	86.5	82.5	92.5	56.5	29.5	79.5	93.5	29.5	60.5	 4.5	19.5	 2.5	35.5	92.5	25.5	10.5	77.5	76.5	53.5	80.5	91.5	87.5	72.5	87.5	41.5	90.5	11.5	56.5	61.5	34.5	82.5	78.5	81.5	52.5	44.5	64.5	5296	40.5	63.5	51.5	71.5	17.5	66.5	34.5	33.5	36.5	36.5	81.5	51.5	43.5	91.5	39.5	 5.5	40.5	32.5	74.5	43.5	57.5	81.5	84.5	55.5	74.5	88.5	43.5	39.5	93.5	78.5	20.5	 9.5	86.5	12.5	53.5	70.5	88.5	 8.5	16.5	 4.5	86.5	68.5	31.5	43.5	73.5	10.5	66.5	26.5	29.5	95.5	66.5	13.5	 2.5	58.5	55.5	90.5	
63.5	 3.5	16.5	95.5	45.5	52.5	 7.5	41.5	67.5	16.5	18.5	56.5	46.5	45.5	17.5	99.5	51.5	52.5	79.5	19.5	15.5	17.5	83.5	31.5	96.5	55.5	33.5	48.5	38.5	71.5	47.5	66.5	94.5	83.5	 4.5	39.5	29.5	41.5	21.5	64.5	 0.5	49.5	47.5	58.5	4875	99.5	28.5	98.5	 0.5	96.5	85.5	57.5	32.5	28.5	23.5	29.5	44.5	 1.5	81.5	 4.5	13.5	22.5	58.5	70.5	17.5	66.5	31.5	64.5	38.5	81.5	91.5	59.5	96.5	91.5	56.5	14.5	 2.5	40.5	45.5	52.5	36.5	51.5	26.5	86.5	55.5	52.5	80.5	44.5	30.5	60.5	46.5	73.5	99.5	74.5	 7.5	28.5	45.5	75.5	64.5	64.5	
81.5	76.5	71.5	82.5	17.5	83.5	39.5	26.5	10.5	96.5	69.5	97.5	38.5	70.5	98.5	68.5	55.5	 8.5	75.5	86.5	56.5	48.5	16.5	13.5	13.5	97.5	17.5	37.5	28.5	37.5	27.5	53.5	70.5	25.5	16.5	98.5	 1.5	34.5	 5.5	84.5	 3.5	60.5	28.5	62.5	39.5	4995	75.5	17.5	90.5	48.5	59.5	92.5	13.5	79.5	48.5	63.5	38.5	89.5	88.5	25.5	44.5	88.5	62.5	18.5	54.5	38.5	85.5	61.5	46.5	54.5	73.5	50.5	26.5	74.5	22.5	55.5	 7.5	43.5	55.5	80.5	22.5	24.5	 8.5	 5.5	84.5	34.5	10.5	15.5	32.5	92.5	70.5	26.5	71.5	26.5	37.5	97.5	91.5	67.5	11.5	34.5	
87.5	31.5	91.5	 3.5	58.5	10.5	81.5	91.5	23.5	66.5	25.5	33.5	52.5	73.5	92.5	55.5	10.5	34.5	71.5	29.5	36.5	27.5	98.5	24.5	95.5	43.5	 9.5	19.5	88.5	66.5	57.5	71.5	85.5	87.5	36.5	 5.5	52.5	97.5	19.5	 5.5	70.5	97.5	50.5	21.5	32.5	47.5	5063	79.5	44.5	 7.5	54.5	72.5	 5.5	34.5	44.5	21.5	42.5	97.5	98.5	96.5	56.5	97.5	50.5	55.5	31.5	75.5	 8.5	90.5	84.5	62.5	61.5	31.5	 0.5	59.5	49.5	65.5	79.5	65.5	21.5	 9.5	70.5	 9.5	53.5	93.5	37.5	 3.5	45.5	73.5	53.5	 2.5	73.5	25.5	21.5	88.5	10.5	44.5	51.5	54.5	23.5	61.5	
54.5	48.5	15.5	65.5	86.5	41.5	61.5	70.5	 0.5	91.5	28.5	64.5	78.5	83.5	 4.5	54.5	60.5	63.5	29.5	14.5	91.5	33.5	57.5	13.5	 4.5	44.5	38.5	99.5	70.5	97.5	70.5	65.5	 1.5	91.5	 3.5	21.5	35.5	79.5	84.5	29.5	99.5	55.5	15.5	36.5	39.5	88.5	97.5	5243	98.5	33.5	63.5	82.5	15.5	42.5	98.5	85.5	13.5	41.5	69.5	 8.5	31.5	 3.5	85.5	34.5	66.5	86.5	 5.5	27.5	56.5	70.5	96.5	68.5	87.5	42.5	24.5	 0.5	11.5	40.5	48.5	39.5	88.5	39.5	88.5	17.5	55.5	92.5	63.5	77.5	22.5	95.5	 1.5	42.5	35.5	44.5	91.5	13.5	25.5	70.5	99.5	76.5	
54.5	40.5	19.5	92.5	87.5	66.5	 5.5	68.5	72.5	86.5	50.5	72.5	42.5	80.5	82.5	11.5	36.5	84.5	44.5	16.5	52.5	98.5	 0.5	31.5	17.5	54.5	94.5	24.5	62.5	60.5	68.5	 1.5	64.5	72.5	33.5	49.5	 6.5	52.5	71.5	42.5	11.5	81.5	38.5	34.5	13.5	80.5	79.5	42.5	5269	13.5	68.5	51.5	 0.5	57.5	24.5	34.5	80.5	23.5	56.5	84.5	86.5	96.5	71.5	 9.5	62.5	 0.5	84.5	 2.5	91.5	64.5	22.5	58.5	82.5	58.5	93.5	35.5	37.5	30.5	74.5	65.5	92.5	14.5	11.5	90.5	 2.5	68.5	52.5	 9.5	55.5	63.5	65.5	36.5	18.5	79.5	89.5	93.5	39.5	44.5	94.5	73.5	
45.5	50.5	28.5	67.5	90.5	21.5	71.5	 8.5	67.5	76.5	87.5	48.5	 0.5	26.5	 5.5	70.5	97.5	97.5	51.5	90.5	84.5	71.5	78.5	75.5	17.5	61.5	88.5	44.5	13.5	 8.5	15.5	93.5	 3.5	50.5	23.5	80.5	95.5	51.5	17.5	 0.5	 0.5	93.5	73.5	57.5	65.5	49.5	77.5	60.5	66.5	5282	42.5	27.5	52.5	15.5	90.5	84.5	14.5	69.5	54.5	91.5	89.5	57.5	31.5	54.5	82.5	56.5	72.5	61.5	47.5	67.5	86.5	65.5	64.5	37.5	42.5	79.5	22.5	71.5	90.5	36.5	 1.5	94.5	54.5	 4.5	 9.5	21.5	89.5	54.5	74.5	55.5	 9.5	87.5	45.5	59.5	59.5	69.5	23.5	 2.5	26.5	12.5	
 1.5	97.5	97.5	30.5	55.5	43.5	35.5	31.5	38.5	71.5	79.5	93.5	17.5	20.5	89.5	17.5	 0.5	31.5	 4.5	65.5	40.5	26.5	68.5	30.5	16.5	79.5	90.5	32.5	61.5	94.5	63.5	 8.5	76.5	79.5	 6.5	 0.5	37.5	11.5	76.5	37.5	12.5	89.5	45.5	29.5	97.5	28.5	40.5	50.5	50.5	15.5	4496	23.5	 7.5	 4.5	31.5	46.5	53.5	12.5	77.5	14.5	72.5	11.5	73.5	69.5	66.5	35.5	43.5	41.5	33.5	72.5	78.5	94.5	42.5	15.5	 0.5	67.5	62.5	21.5	15.5	34.5	89.5	14.5	 4.5	49.5	82.5	96.5	67.5	75.5	14.5	22.5	39.5	73.5	17.5	66.5	27.5	45.5	65.5	 6.5	 5.5	21.5	
11.5	82.5	80.5	68.5	 2.5	58.5	94.5	 8.5	36.5	97.5	76.5	86.5	39.5	83.5	 9.5	23.5	85.5	64.5	83.5	27.5	76.5	59.5	82.5	74.5	43.5	 8.5	51.5	86.5	44.5	35.5	 3.5	42.5	 2.5	87.5	49.5	41.5	69.5	42.5	94.5	35.5	 0.5	31.5	64.5	33.5	79.5	62.5	69.5	28.5	73.5	 3.5	16.5	5334	83.5	 1.5	 7.5	96.5	77.5	24.5	51.5	97.5	 4.5	53.5	89.5	14.5	45.5	89.5	39.5	43.5	81.5	89.5	55.5	43.5	98.5	24.5	38.5	74.5	61.5	85.5	23.5	95.5	20.5	27.5	 4.5	64.5	94.5	74.5	18.5	 3.5	33.5	80.5	89.5	85.5	19.5	55.5	74.5	86.5	95.5	45.5	73.5	 0.5	
78.5	93.5	 7.5	69.5	44.5	50.5	 4.5	86.5	73.5	 5.5	24.5	11.5	40.5	61.5	12.5	34.5	97.5	13.5	19.5	30.5	 6.5	61.5	56.5	92.5	54.5	87.5	28.5	65.5	42.5	19.5	61.5	27.5	 1.5	24.5	68.5	46.5	88.5	 4.5	 9.5	30.5	57.5	41.5	25.5	22.5	74.5	78.5	64.5	98.5	98.5	94.5	71.5	45.5	4877	11.5	 4.5	 4.5	69.5	90.5	49.5	95.5	56.5	28.5	30.5	25.5	94.5	64.5	38.5	85.5	78.5	52.5	55.5	 8.5	13.5	61.5	 4.5	52.5	90.5	67.5	16.5	95.5	90.5	92.5	57.5	45.5	46.5	67.5	74.5	 6.5	 1.5	76.5	25.5	 8.5	31.5	38.5	27.5	59.5	74.5	29.5	33.5	97.5	
26.5	67.5	76.5	66.5	24.5	39.5	90.5	12.5	20.5	80.5	37.5	24.5	70.5	75.5	23.5	95.5	 1.5	66.5	27.5	25.5	 5.5	67.5	60.5	 4.5	96.5	96.5	30.5	64.5	64.5	36.5	23.5	42.5	78.5	20.5	67.5	78.5	54.5	80.5	51.5	54.5	77.5	27.5	75.5	32.5	58.5	30.5	94.5	27.5	 6.5	 0.5	66.5	65.5	70.5	5136	24.5	70.5	 2.5	96.5	77.5	36.5	15.5	37.5	86.5	 3.5	41.5	12.5	85.5	64.5	10.5	44.5	72.5	62.5	62.5	79.5	37.5	90.5	51.5	94.5	99.5	46.5	88.5	79.5	 1.5	21.5	93.5	93.5	36.5	90.5	37.5	76.5	49.5	 7.5	60.5	26.5	 7.5	59.5	25.5	89.5	42.5	45.5	
50.5	49.5	75.5	47.5	42.5	93.5	23.5	77.5	11.5	66.5	89.5	36.5	64.5	77.5	38.5	31.5	84.5	51.5	51.5	31.5	72.5	34.5	36.5	41.5	32.5	61.5	38.5	63.5	21.5	88.5	55.5	61.5	92.5	33.5	29.5	20.5	77.5	48.5	26.5	96.5	56.5	18.5	15.5	87.5	67.5	20.5	39.5	41.5	94.5	50.5	33.5	29.5	 4.5	27.5	5266	 4.5	51.5	81.5	37.5	68.5	30.5	86.5	41.5	67.5	96.5	68.5	53.5	54.5	99.5	21.5	48.5	64.5	50.5	64.5	84.5	95.5	52.5	58.5	92.5	42.5	19.5	72.5	48.5	27.5	12.5	96.5	 1.5	87.5	51.5	91.5	 7.5	98.5	88.5	 2.5	60.5	21.5	59.5	87.5	38.5	31.5	
34.5	40.5	 9.5	41.5	75.5	13.5	62.5	 3.5	62.5	77.5	21.5	90.5	46.5	 1.5	 2.5	23.5	86.5	49.5	 0.5	67.5	70.5	 0.5	67.5	61.5	76.5	10.5	73.5	49.5	14.5	69.5	20.5	28.5	83.5	 6.5	52.5	21.5	76.5	17.5	 7.5	60.5	45.5	51.5	96.5	77.5	92.5	23.5	80.5	86.5	81.5	11.5	14.5	 8.5	90.5	93.5	98.5	4943	58.5	10.5	12.5	 2.5	32.5	92.5	74.5	62.5	41.5	22.5	15.5	78.5	50.5	68.5	61.5	46.5	91.5	18.5	54.5	82.5	53.5	10.5	34.5	65.5	72.5	 8.5	68.5	51.5	81.5	56.5	99.5	88.5	 1.5	81.5	18.5	57.5	46.5	17.5	55.5	 4.5	84.5	81.5	87.5	43.5	
 7.5	42.5	38.5	59.5	88.5	43.5	50.5	62.5	19.5	25.5	16.5	24.5	31.5	32.5	 5.5	28.5	28.5	61.5	30.5	 4.5	29.5	12.5	92.5	84.5	16.5	49.5	34.5	99.5	82.5	89.5	46.5	 8.5	61.5	81.5	68.5	49.5	91.5	11.5	56.5	78.5	65.5	24.5	11.5	45.5	24.5	77.5	25.5	74.5	98.5	90.5	62.5	36.5	65.5	 4.5	85.5	 1.5	4796	50.5	52.5	79.5	41.5	 3.5	89.5	43.5	90.5	58.5	52.5	70.5	94.5	41.5	50.5	49.5	28.5	50.5	41.5	78.5	39.5	 3.5	94.5	21.5	28.5	41.5	76.5	 8.5	49.5	12.5	85.5	73.5	12.5	40.5	77.5	23.5	47.5	19.5	41.5	24.5	50.5	69.5	94.5	34.5	
48.5	14.5	17.5	49.5	45.5	56.5	79.5	 5.5	78.5	67.5	57.5	33.5	18.5	19.5	38.5	86.5	46.5	80.5	69.5	26.5	14.5	14.5	40.5	 3.5	15.5	78.5	22.5	22.5	94.5	49.5	96.5	42.5	 9.5	70.5	76.5	62.5	60.5	18.5	41.5	65.5	70.5	37.5	67.5	94.5	41.5	92.5	18.5	59.5	88.5	21.5	49.5	 6.5	48.5	91.5	 9.5	89.5	45.5	4867	98.5	49.5	25.5	30.5	21.5	50.5	69.5	 8.5	14.5	30.5	31.5	48.5	68.5	 4.5	43.5	 0.5	55.5	50.5	10.5	48.5	81.5	92.5	81.5	 6.5	92.5	63.5	 2.5	52.5	55.5	66.5	55.5	14.5	67.5	72.5	38.5	97.5	44.5	54.5	40.5	89.5	76.5	78.5	
50.5	67.5	89.5	30.5	88.5	52.5	73.5	78.5	24.5	35.5	25.5	 0.5	25.5	 7.5	 1.5	20.5	29.5	 6.5	37.5	27.5	77.5	 6.5	21.5	93.5	34.5	74.5	15.5	30.5	40.5	30.5	60.5	57.5	15.5	55.5	60.5	25.5	 1.5	10.5	59.5	75.5	83.5	91.5	75.5	23.5	11.5	25.5	56.5	58.5	 5.5	97.5	82.5	72.5	17.5	46.5	27.5	99.5	77.5	31.5	4360	16.5	31.5	35.5	55.5	96.5	25.5	56.5	 5.5	25.5	10.5	75.5	33.5	18.5	68.5	 6.5	70.5	57.5	 0.5	99.5	21.5	24.5	90.5	 8.5	98.5	70.5	26.5	12.5	11.5	42.5	81.5	38.5	73.5	68.5	28.5	 7.5	 8.5	55.5	74.5	32.5	25.5	59.5	
81.5	82.5	39.5	78.5	 7.5	48.5	10.5	28.5	41.5	87.5	 6.5	70.5	89.5	51.5	97.5	27.5	84.5	91.5	95.5	88.5	27.5	51.5	64.5	40.5	88.5	85.5	46.5	15.5	58.5	63.5	17.5	23.5	20.5	22.5	51.5	66.5	63.5	27.5	18.5	 2.5	54.5	39.5	76.5	58.5	97.5	96.5	97.5	18.5	97.5	46.5	15.5	60.5	40.5	41.5	 6.5	75.5	 7.5	57.5	 1.5	5329	44.5	39.5	97.5	51.5	 9.5	30.5	80.5	36.5	54.5	70.5	89.5	35.5	62.5	88.5	86.5	85.5	67.5	58.5	78.5	97.5	16.5	16.5	36.5	46.5	54.5	31.5	 0.5	45.5	55.5	45.5	96.5	76.5	11.5	90.5	85.5	92.5	87.5	 9.5	 8.5	80.5	
49.5	91.5	 8.5	86.5	42.5	 9.5	69.5	 5.5	43.5	16.5	65.5	56.5	38.5	12.5	45.5	92.5	50.5	48.5	65.5	42.5	75.5	60.5	65.5	50.5	91.5	75.5	33.5	19.5	91.5	26.5	78.5	70.5	85.5	96.5	34.5	98.5	69.5	59.5	80.5	23.5	34.5	83.5	30.5	62.5	75.5	10.5	15.5	47.5	 5.5	52.5	88.5	 4.5	62.5	99.5	81.5	62.5	66.5	22.5	 0.5	61.5	5283	77.5	57.5	88.5	73.5	37.5	36.5	29.5	 2.5	 5.5	 7.5	42.5	95.5	52.5	32.5	 1.5	83.5	13.5	94.5	90.5	80.5	15.5	 3.5	 2.5	82.5	75.5	41.5	90.5	15.5	82.5	83.5	88.5	42.5	51.5	71.5	17.5	90.5	48.5	37.5	68.5	
96.5	62.5	26.5	99.5	25.5	14.5	62.5	18.5	55.5	11.5	27.5	76.5	69.5	32.5	88.5	44.5	26.5	49.5	15.5	87.5	 7.5	47.5	73.5	82.5	91.5	90.5	36.5	18.5	62.5	28.5	63.5	43.5	98.5	73.5	42.5	29.5	75.5	61.5	29.5	93.5	83.5	14.5	10.5	31.5	46.5	71.5	69.5	79.5	10.5	60.5	60.5	37.5	84.5	23.5	 7.5	 5.5	85.5	 3.5	34.5	91.5	12.5	4820	48.5	20.5	25.5	24.5	67.5	17.5	 3.5	21.5	37.5	51.5	61.5	35.5	96.5	36.5	78.5	18.5	10.5	51.5	29.5	20.5	54.5	34.5	99.5	17.5	75.5	84.5	37.5	89.5	 2.5	53.5	28.5	 7.5	86.5	38.5	72.5	50.5	84.5	 4.5	
50.5	51.5	97.5	69.5	30.5	49.5	52.5	29.5	39.5	34.5	17.5	 9.5	55.5	69.5	93.5	35.5	31.5	17.5	22.5	35.5	10.5	77.5	54.5	40.5	95.5	59.5	33.5	19.5	76.5	18.5	 9.5	33.5	 4.5	90.5	62.5	35.5	 2.5	 8.5	25.5	27.5	40.5	54.5	95.5	49.5	82.5	48.5	70.5	45.5	42.5	 0.5	48.5	15.5	84.5	67.5	96.5	42.5	78.5	80.5	73.5	25.5	74.5	32.5	4775	68.5	11.5	31.5	 6.5	35.5	12.5	86.5	 6.5	68.5	59.5	41.5	32.5	69.5	37.5	76.5	69.5	 7.5	62.5	76.5	53.5	61.5	12.5	55.5	55.5	64.5	31.5	76.5	51.5	68.5	76.5	99.5	 6.5	47.5	34.5	 9.5	85.5	65.5	
35.5	31.5	80.5	 8.5	56.5	33.5	69.5	 8.5	12.5	39.5	70.5	 7.5	30.5	21.5	 9.5	86.5	98.5	17.5	65.5	31.5	 8.5	90.5	 7.5	62.5	99.5	94.5	68.5	 6.5	49.5	16.5	97.5	22.5	81.5	77.5	87.5	33.5	19.5	72.5	 1.5	71.5	57.5	39.5	82.5	61.5	62.5	68.5	75.5	46.5	59.5	52.5	37.5	62.5	55.5	39.5	50.5	35.5	51.5	92.5	26.5	31.5	98.5	10.5	24.5	4941	27.5	31.5	82.5	85.5	37.5	44.5	29.5	53.5	50.5	74.5	88.5	11.5	67.5	 3.5	91.5	24.5	11.5	 3.5	71.5	40.5	54.5	77.5	53.5	49.5	15.5	77.5	17.5	49.5	66.5	72.5	84.5	32.5	47.5	62.5	55.5	47.5	
10.5	 1.5	35.5	72.5	90.5	66.5	82.5	98.5	29.5	38.5	31.5	29.5	27.5	25.5	21.5	68.5	76.5	20.5	78.5	61.5	35.5	69.5	68.5	14.5	 4.5	34.5	91.5	22.5	12.5	64.5	44.5	96.5	20.5	81.5	53.5	78.5	17.5	26.5	70.5	95.5	10.5	78.5	40.5	70.5	23.5	86.5	60.5	82.5	 4.5	76.5	51.5	62.5	 1.5	42.5	67.5	96.5	68.5	11.5	64.5	11.5	75.5	95.5	68.5	77.5	5223	81.5	95.5	66.5	95.5	10.5	71.5	92.5	 7.5	57.5	 3.5	57.5	 3.5	78.5	87.5	40.5	26.5	55.5	47.5	69.5	52.5	92.5	96.5	92.5	56.5	 1.5	15.5	74.5	83.5	38.5	83.5	21.5	 6.5	30.5	33.5	33.5	
60.5	85.5	80.5	75.5	37.5	64.5	91.5	27.5	54.5	64.5	73.5	97.5	78.5	36.5	 4.5	10.5	79.5	41.5	 1.5	18.5	42.5	28.5	17.5	82.5	11.5	84.5	61.5	61.5	70.5	62.5	93.5	 4.5	50.5	83.5	 5.5	62.5	28.5	83.5	16.5	28.5	32.5	92.5	42.5	37.5	46.5	36.5	63.5	10.5	59.5	54.5	52.5	36.5	17.5	74.5	86.5	98.5	 0.5	 8.5	81.5	25.5	62.5	63.5	30.5	72.5	86.5	5163	72.5	81.5	21.5	 7.5	43.5	53.5	65.5	75.5	26.5	27.5	41.5	88.5	19.5	28.5	88.5	97.5	29.5	49.5	25.5	79.5	97.5	66.5	92.5	28.5	24.5	26.5	47.5	68.5	35.5	59.5	 7.5	95.5	76.5	35.5	
 5.5	29.5	95.5	37.5	52.5	98.5	74.5	65.5	20.5	16.5	25.5	87.5	97.5	 3.5	30.5	84.5	53.5	43.5	67.5	67.5	49.5	58.5	89.5	15.5	65.5	73.5	60.5	17.5	32.5	38.5	60.5	32.5	65.5	 5.5	20.5	97.5	33.5	53.5	82.5	32.5	44.5	73.5	 0.5	42.5	85.5	 6.5	42.5	57.5	93.5	60.5	92.5	 9.5	18.5	76.5	29.5	40.5	26.5	16.5	47.5	16.5	97.5	33.5	17.5	79.5	59.5	40.5	5058	59.5	96.5	80.5	16.5	40.5	60.5	83.5	66.5	 7.5	94.5	27.5	 9.5	60.5	82.5	51.5	77.5	98.5	50.5	26.5	90.5	77.5	11.5	11.5	 9.5	44.5	12.5	62.5	28.5	88.5	47.5	77.5	65.5	41.5	
23.5	 3.5	99.5	19.5	45.5	81.5	64.5	64.5	46.5	56.5	53.5	26.5	 0.5	38.5	50.5	92.5	79.5	16.5	29.5	99.5	78.5	72.5	97.5	99.5	48.5	80.5	63.5	45.5	37.5	11.5	17.5	 6.5	81.5	95.5	43.5	62.5	68.5	15.5	67.5	67.5	66.5	93.5	84.5	79.5	29.5	36.5	 9.5	69.5	68.5	72.5	18.5	23.5	78.5	82.5	79.5	16.5	76.5	18.5	24.5	84.5	44.5	70.5	 5.5	94.5	15.5	77.5	79.5	5311	99.5	15.5	62.5	14.5	80.5	 3.5	77.5	19.5	31.5	74.5	87.5	 1.5	77.5	26.5	43.5	67.5	15.5	91.5	86.5	24.5	50.5	52.5	71.5	17.5	29.5	 1.5	80.5	81.5	72.5	24.5	67.5	56.5	
74.5	67.5	87.5	39.5	87.5	44.5	 8.5	45.5	 1.5	28.5	84.5	53.5	96.5	24.5	39.5	96.5	62.5	50.5	90.5	65.5	81.5	24.5	84.5	68.5	 9.5	17.5	62.5	93.5	44.5	51.5	83.5	16.5	95.5	93.5	 0.5	52.5	47.5	77.5	63.5	81.5	11.5	 8.5	14.5	96.5	40.5	93.5	62.5	70.5	71.5	36.5	49.5	78.5	37.5	16.5	45.5	 7.5	 9.5	94.5	34.5	 9.5	 1.5	87.5	81.5	 1.5	94.5	88.5	74.5	51.5	5489	48.5	51.5	55.5	79.5	36.5	90.5	99.5	37.5	66.5	82.5	28.5	74.5	70.5	 4.5	96.5	81.5	25.5	11.5	67.5	65.5	18.5	33.5	73.5	92.5	15.5	24.5	26.5	96.5	96.5	65.5	59.5	
82.5	30.5	60.5	18.5	86.5	82.5	14.5	64.5	75.5	29.5	35.5	 4.5	81.5	65.5	24.5	96.5	20.5	48.5	11.5	14.5	29.5	62.5	32.5	72.5	59.5	66.5	77.5	40.5	28.5	64.5	56.5	30.5	17.5	74.5	28.5	58.5	96.5	96.5	44.5	55.5	32.5	88.5	95.5	68.5	98.5	74.5	85.5	35.5	46.5	42.5	73.5	75.5	67.5	31.5	87.5	94.5	23.5	88.5	43.5	42.5	95.5	37.5	47.5	19.5	43.5	12.5	98.5	 6.5	40.5	5317	90.5	12.5	 1.5	31.5	87.5	58.5	11.5	11.5	64.5	36.5	97.5	30.5	65.5	76.5	 4.5	50.5	98.5	36.5	60.5	85.5	59.5	62.5	38.5	14.5	92.5	71.5	26.5	92.5	51.5	14.5	
96.5	39.5	27.5	27.5	81.5	32.5	39.5	46.5	30.5	 1.5	41.5	19.5	72.5	68.5	57.5	 8.5	64.5	48.5	73.5	40.5	43.5	31.5	 9.5	98.5	32.5	78.5	55.5	20.5	50.5	 6.5	42.5	10.5	43.5	 4.5	55.5	 0.5	16.5	53.5	90.5	26.5	50.5	91.5	82.5	38.5	43.5	10.5	71.5	83.5	25.5	46.5	74.5	80.5	64.5	71.5	30.5	47.5	27.5	14.5	 2.5	27.5	 5.5	60.5	67.5	 8.5	 0.5	53.5	12.5	 1.5	66.5	87.5	4598	74.5	26.5	90.5	17.5	64.5	45.5	86.5	81.5	98.5	53.5	23.5	 1.5	49.5	73.5	36.5	89.5	93.5	43.5	 0.5	68.5	97.5	67.5	12.5	 9.5	17.5	56.5	81.5	10.5	19.5	
41.5	71.5	12.5	19.5	43.5	72.5	56.5	92.5	36.5	95.5	19.5	 4.5	 0.5	81.5	61.5	14.5	86.5	27.5	73.5	23.5	59.5	42.5	29.5	94.5	75.5	62.5	37.5	35.5	73.5	54.5	61.5	98.5	64.5	80.5	95.5	93.5	22.5	62.5	18.5	57.5	42.5	66.5	47.5	 5.5	92.5	66.5	82.5	15.5	56.5	59.5	57.5	17.5	39.5	71.5	39.5	 3.5	29.5	36.5	32.5	33.5	 0.5	79.5	50.5	72.5	11.5	21.5	 7.5	12.5	51.5	 0.5	41.5	4737	54.5	25.5	47.5	17.5	 0.5	73.5	26.5	92.5	23.5	86.5	46.5	75.5	13.5	63.5	55.5	26.5	33.5	18.5	70.5	14.5	30.5	45.5	60.5	81.5	79.5	27.5	68.5	47.5	
25.5	63.5	85.5	68.5	48.5	81.5	 8.5	20.5	 8.5	91.5	16.5	38.5	10.5	77.5	50.5	77.5	90.5	57.5	50.5	52.5	73.5	11.5	 9.5	21.5	12.5	42.5	86.5	40.5	80.5	30.5	 3.5	52.5	 5.5	71.5	55.5	85.5	56.5	15.5	46.5	35.5	46.5	20.5	76.5	90.5	89.5	16.5	33.5	50.5	17.5	41.5	49.5	21.5	44.5	87.5	59.5	83.5	29.5	67.5	 3.5	69.5	 3.5	73.5	25.5	65.5	 4.5	69.5	24.5	12.5	48.5	75.5	 2.5	21.5	4637	41.5	80.5	78.5	18.5	29.5	86.5	77.5	39.5	51.5	49.5	89.5	51.5	58.5	36.5	20.5	80.5	21.5	36.5	87.5	 1.5	49.5	87.5	39.5	47.5	42.5	26.5	 2.5	
91.5	22.5	12.5	48.5	98.5	24.5	 7.5	 6.5	15.5	71.5	89.5	 9.5	79.5	95.5	75.5	62.5	52.5	84.5	29.5	67.5	39.5	73.5	17.5	52.5	71.5	 5.5	92.5	85.5	88.5	86.5	43.5	65.5	22.5	12.5	61.5	29.5	15.5	24.5	25.5	 8.5	70.5	90.5	15.5	46.5	33.5	55.5	72.5	86.5	61.5	83.5	94.5	64.5	69.5	54.5	60.5	54.5	85.5	33.5	89.5	67.5	60.5	12.5	66.5	14.5	28.5	25.5	19.5	76.5	68.5	79.5	15.5	20.5	89.5	5102	 3.5	26.5	73.5	13.5	15.5	46.5	46.5	48.5	22.5	34.5	43.5	42.5	91.5	75.5	 4.5	57.5	29.5	99.5	54.5	31.5	 8.5	87.5	65.5	 9.5	88.5	68.5	
47.5	73.5	55.5	70.5	72.5	92.5	89.5	 4.5	76.5	45.5	42.5	61.5	69.5	49.5	 2.5	45.5	18.5	55.5	29.5	73.5	71.5	25.5	19.5	87.5	28.5	16.5	44.5	57.5	88.5	64.5	45.5	22.5	34.5	69.5	32.5	40.5	53.5	78.5	36.5	48.5	69.5	78.5	19.5	64.5	64.5	65.5	22.5	 3.5	18.5	75.5	14.5	34.5	65.5	92.5	95.5	53.5	72.5	 7.5	50.5	28.5	49.5	 0.5	 7.5	83.5	69.5	40.5	51.5	91.5	63.5	83.5	30.5	43.5	 4.5	37.5	4754	 9.5	94.5	83.5	44.5	30.5	94.5	12.5	66.5	33.5	40.5	24.5	49.5	34.5	17.5	 9.5	52.5	30.5	58.5	72.5	51.5	 0.5	31.5	 5.5	24.5	15.5	
52.5	95.5	 7.5	45.5	51.5	89.5	18.5	54.5	10.5	44.5	20.5	54.5	38.5	67.5	 8.5	27.5	81.5	39.5	20.5	 4.5	89.5	39.5	87.5	41.5	11.5	68.5	94.5	90.5	54.5	40.5	 5.5	 8.5	20.5	16.5	46.5	44.5	59.5	63.5	45.5	78.5	72.5	93.5	18.5	25.5	60.5	15.5	 1.5	32.5	76.5	13.5	25.5	60.5	87.5	82.5	15.5	99.5	46.5	42.5	63.5	64.5	15.5	98.5	47.5	16.5	12.5	72.5	42.5	41.5	70.5	45.5	40.5	32.5	57.5	91.5	17.5	4901	31.5	82.5	51.5	93.5	49.5	81.5	 7.5	 3.5	52.5	25.5	34.5	 3.5	88.5	90.5	60.5	94.5	61.5	79.5	66.5	68.5	47.5	 7.5	97.5	23.5	
 7.5	90.5	89.5	42.5	66.5	23.5	11.5	74.5	50.5	98.5	55.5	59.5	17.5	40.5	63.5	40.5	60.5	28.5	59.5	10.5	83.5	18.5	 8.5	36.5	37.5	50.5	62.5	31.5	21.5	58.5	 3.5	56.5	93.5	11.5	25.5	95.5	 7.5	62.5	46.5	54.5	85.5	 9.5	30.5	27.5	88.5	15.5	65.5	46.5	24.5	14.5	77.5	75.5	61.5	83.5	50.5	59.5	42.5	52.5	92.5	28.5	47.5	25.5	45.5	22.5	32.5	51.5	48.5	 7.5	97.5	72.5	65.5	47.5	26.5	90.5	 2.5	28.5	4930	 4.5	45.5	43.5	64.5	38.5	70.5	72.5	53.5	21.5	88.5	91.5	42.5	22.5	95.5	95.5	13.5	78.5	33.5	43.5	92.5	58.5	42.5	59.5	
43.5	96.5	28.5	58.5	 8.5	22.5	31.5	41.5	63.5	67.5	39.5	40.5	18.5	54.5	 9.5	54.5	11.5	41.5	63.5	59.5	50.5	 7.5	44.5	69.5	45.5	 3.5	 3.5	55.5	80.5	22.5	90.5	72.5	78.5	50.5	53.5	80.5	99.5	80.5	27.5	98.5	28.5	42.5	53.5	57.5	96.5	13.5	53.5	84.5	49.5	14.5	84.5	63.5	14.5	36.5	10.5	33.5	 6.5	10.5	21.5	47.5	61.5	77.5	65.5	98.5	64.5	60.5	51.5	64.5	95.5	34.5	97.5	 7.5	51.5	39.5	 9.5	94.5	54.5	5075	32.5	92.5	78.5	35.5	69.5	 2.5	68.5	26.5	54.5	48.5	21.5	67.5	94.5	39.5	49.5	63.5	71.5	93.5	 3.5	46.5	22.5	98.5	
81.5	81.5	 6.5	 4.5	75.5	76.5	47.5	35.5	19.5	27.5	89.5	92.5	80.5	39.5	34.5	91.5	56.5	95.5	86.5	66.5	70.5	25.5	47.5	52.5	40.5	85.5	46.5	46.5	12.5	 9.5	15.5	63.5	85.5	74.5	 1.5	67.5	91.5	58.5	21.5	14.5	87.5	46.5	79.5	66.5	17.5	58.5	97.5	30.5	43.5	 6.5	80.5	 1.5	99.5	23.5	 0.5	14.5	40.5	11.5	44.5	93.5	49.5	61.5	22.5	62.5	13.5	65.5	88.5	76.5	78.5	38.5	31.5	37.5	37.5	53.5	98.5	92.5	61.5	93.5	5005	99.5	 7.5	55.5	25.5	98.5	26.5	 8.5	 1.5	76.5	26.5	 4.5	67.5	60.5	71.5	69.5	 7.5	23.5	39.5	29.5	58.5	12.5	
69.5	 5.5	43.5	37.5	66.5	39.5	42.5	54.5	24.5	54.5	 9.5	40.5	97.5	78.5	82.5	38.5	 3.5	 3.5	80.5	 3.5	85.5	59.5	43.5	 8.5	30.5	71.5	72.5	 1.5	71.5	99.5	 5.5	73.5	46.5	83.5	40.5	61.5	 0.5	93.5	72.5	50.5	37.5	12.5	72.5	98.5	12.5	21.5	23.5	45.5	40.5	64.5	64.5	12.5	25.5	89.5	59.5	77.5	84.5	21.5	70.5	80.5	46.5	59.5	69.5	65.5	 6.5	50.5	32.5	16.5	89.5	77.5	23.5	62.5	85.5	64.5	64.5	44.5	38.5	68.5	11.5	5029	60.5	94.5	34.5	58.5	21.5	24.5	66.5	18.5	74.5	49.5	42.5	88.5	39.5	15.5	66.5	63.5	24.5	33.5	91.5	77.5	
37.5	77.5	21.5	 7.5	 2.5	93.5	11.5	36.5	27.5	48.5	 7.5	75.5	44.5	28.5	56.5	64.5	57.5	45.5	18.5	21.5	20.5	15.5	 8.5	58.5	70.5	42.5	59.5	86.5	 9.5	89.5	25.5	30.5	15.5	39.5	45.5	 5.5	35.5	99.5	67.5	93.5	32.5	20.5	46.5	40.5	43.5	16.5	21.5	31.5	74.5	56.5	59.5	16.5	45.5	76.5	30.5	98.5	92.5	55.5	33.5	81.5	93.5	94.5	80.5	 5.5	47.5	62.5	36.5	59.5	78.5	59.5	52.5	82.5	13.5	61.5	80.5	84.5	30.5	32.5	 4.5	26.5	4657	 8.5	67.5	96.5	16.5	51.5	 8.5	47.5	42.5	15.5	80.5	 7.5	17.5	75.5	58.5	53.5	60.5	44.5	51.5	26.5	
 7.5	74.5	 6.5	30.5	57.5	15.5	 7.5	61.5	79.5	94.5	 8.5	94.5	59.5	95.5	68.5	98.5	27.5	 3.5	87.5	 6.5	13.5	86.5	72.5	21.5	98.5	18.5	60.5	49.5	35.5	 2.5	34.5	23.5	84.5	45.5	55.5	33.5	71.5	12.5	52.5	97.5	57.5	83.5	29.5	79.5	51.5	79.5	13.5	38.5	92.5	11.5	83.5	39.5	56.5	89.5	87.5	26.5	64.5	86.5	 6.5	33.5	 1.5	85.5	50.5	49.5	27.5	76.5	41.5	40.5	19.5	51.5	35.5	81.5	30.5	63.5	62.5	50.5	38.5	 7.5	54.5	28.5	98.5	5161	98.5	82.5	34.5	10.5	73.5	63.5	38.5	56.5	96.5	93.5	56.5	48.5	51.5	70.5	 2.5	56.5	73.5	58.5	
68.5	81.5	33.5	30.5	 1.5	75.5	71.5	94.5	90.5	88.5	 0.5	97.5	 1.5	82.5	77.5	18.5	28.5	89.5	40.5	82.5	97.5	21.5	39.5	94.5	94.5	88.5	60.5	14.5	69.5	79.5	92.5	52.5	15.5	22.5	17.5	21.5	31.5	55.5	96.5	 6.5	57.5	87.5	71.5	41.5	92.5	 7.5	59.5	96.5	73.5	40.5	46.5	62.5	77.5	70.5	43.5	97.5	80.5	18.5	37.5	28.5	75.5	10.5	41.5	46.5	31.5	61.5	78.5	99.5	55.5	83.5	79.5	42.5	24.5	58.5	32.5	78.5	79.5	42.5	25.5	36.5	95.5	66.5	5514	73.5	99.5	15.5	 3.5	24.5	14.5	 4.5	 1.5	79.5	65.5	47.5	97.5	23.5	78.5	79.5	 3.5	92.5	
31.5	99.5	21.5	27.5	89.5	20.5	92.5	75.5	 7.5	30.5	58.5	63.5	82.5	46.5	74.5	 9.5	55.5	13.5	19.5	92.5	55.5	58.5	94.5	 5.5	54.5	16.5	 9.5	34.5	27.5	25.5	28.5	20.5	90.5	65.5	13.5	54.5	 6.5	13.5	95.5	28.5	49.5	30.5	95.5	33.5	13.5	41.5	27.5	81.5	83.5	28.5	 6.5	30.5	47.5	98.5	75.5	93.5	57.5	83.5	45.5	63.5	66.5	86.5	31.5	17.5	48.5	12.5	33.5	13.5	39.5	73.5	 3.5	21.5	 4.5	69.5	97.5	81.5	22.5	27.5	91.5	 0.5	42.5	33.5	61.5	4599	35.5	16.5	49.5	34.5	 7.5	 9.5	55.5	23.5	32.5	76.5	62.5	56.5	46.5	 4.5	81.5	99.5	
40.5	61.5	12.5	34.5	24.5	29.5	71.5	82.5	83.5	22.5	50.5	41.5	71.5	40.5	41.5	79.5	93.5	12.5	32.5	42.5	30.5	48.5	49.5	64.5	31.5	43.5	90.5	52.5	 1.5	38.5	93.5	30.5	25.5	79.5	91.5	25.5	66.5	39.5	82.5	68.5	98.5	12.5	51.5	 4.5	50.5	15.5	78.5	81.5	80.5	92.5	98.5	59.5	19.5	78.5	 0.5	46.5	26.5	 0.5	 7.5	89.5	56.5	98.5	31.5	88.5	24.5	 3.5	51.5	17.5	59.5	92.5	19.5	69.5	74.5	49.5	94.5	54.5	70.5	74.5	67.5	14.5	45.5	13.5	46.5	45.5	4849	14.5	21.5	68.5	53.5	83.5	35.5	38.5	52.5	10.5	 1.5	 3.5	 9.5	39.5	56.5	11.5	
62.5	 2.5	44.5	54.5	89.5	40.5	63.5	96.5	90.5	87.5	97.5	64.5	35.5	22.5	12.5	34.5	13.5	12.5	23.5	12.5	18.5	 2.5	71.5	98.5	34.5	75.5	11.5	96.5	65.5	 9.5	62.5	 0.5	83.5	 7.5	26.5	31.5	84.5	21.5	69.5	83.5	77.5	40.5	84.5	62.5	50.5	79.5	30.5	 5.5	42.5	89.5	86.5	83.5	23.5	40.5	14.5	32.5	15.5	80.5	19.5	14.5	52.5	12.5	19.5	51.5	94.5	94.5	91.5	71.5	54.5	 1.5	93.5	83.5	 8.5	12.5	71.5	38.5	14.5	 5.5	89.5	59.5	52.5	91.5	67.5	91.5	16.5	5032	58.5	88.5	43.5	65.5	16.5	 3.5	75.5	71.5	54.5	62.5	54.5	78.5	86.5	24.5	
52.5	18.5	13.5	32.5	12.5	99.5	37.5	16.5	60.5	41.5	 4.5	77.5	44.5	50.5	 4.5	16.5	 3.5	77.5	94.5	95.5	30.5	21.5	13.5	 4.5	63.5	62.5	 4.5	41.5	60.5	 0.5	46.5	28.5	14.5	49.5	44.5	47.5	32.5	12.5	17.5	42.5	71.5	27.5	13.5	 0.5	22.5	96.5	 4.5	 7.5	 9.5	72.5	72.5	96.5	27.5	71.5	74.5	10.5	36.5	28.5	45.5	10.5	28.5	96.5	40.5	63.5	94.5	17.5	16.5	 3.5	84.5	93.5	12.5	81.5	 4.5	10.5	13.5	17.5	90.5	37.5	81.5	69.5	46.5	 2.5	72.5	17.5	96.5	70.5	4159	97.5	38.5	27.5	13.5	33.5	54.5	11.5	54.5	41.5	41.5	72.5	26.5	62.5	
71.5	70.5	86.5	57.5	48.5	32.5	11.5	67.5	48.5	 6.5	86.5	93.5	48.5	42.5	13.5	97.5	29.5	55.5	33.5	89.5	64.5	33.5	66.5	34.5	56.5	80.5	43.5	 3.5	62.5	33.5	74.5	75.5	45.5	13.5	39.5	 3.5	82.5	58.5	44.5	55.5	41.5	28.5	70.5	36.5	49.5	52.5	90.5	 9.5	 4.5	91.5	86.5	76.5	27.5	88.5	13.5	80.5	16.5	23.5	47.5	 0.5	52.5	57.5	98.5	70.5	56.5	11.5	26.5	81.5	86.5	72.5	27.5	77.5	42.5	 5.5	33.5	93.5	70.5	40.5	67.5	97.5	56.5	 9.5	88.5	60.5	31.5	91.5	58.5	5080	83.5	29.5	67.5	20.5	 2.5	51.5	46.5	17.5	19.5	48.5	61.5	 5.5	
85.5	88.5	44.5	76.5	12.5	55.5	25.5	30.5	33.5	44.5	49.5	21.5	61.5	71.5	69.5	16.5	17.5	73.5	56.5	88.5	97.5	46.5	54.5	95.5	21.5	10.5	92.5	55.5	78.5	94.5	85.5	68.5	 2.5	 4.5	17.5	82.5	26.5	12.5	88.5	42.5	60.5	41.5	33.5	 6.5	48.5	67.5	35.5	79.5	 2.5	38.5	79.5	39.5	60.5	27.5	99.5	36.5	42.5	34.5	63.5	28.5	75.5	72.5	38.5	37.5	90.5	65.5	48.5	70.5	45.5	81.5	81.5	 6.5	 4.5	58.5	44.5	28.5	45.5	41.5	25.5	40.5	42.5	57.5	52.5	86.5	 4.5	20.5	51.5	56.5	5002	74.5	45.5	41.5	86.5	 7.5	21.5	59.5	 9.5	80.5	36.5	88.5	
36.5	38.5	49.5	45.5	75.5	60.5	10.5	 4.5	19.5	13.5	42.5	98.5	43.5	22.5	78.5	56.5	 0.5	14.5	44.5	30.5	70.5	12.5	70.5	 4.5	79.5	51.5	27.5	15.5	37.5	 7.5	65.5	27.5	18.5	93.5	87.5	27.5	92.5	11.5	85.5	26.5	63.5	37.5	54.5	89.5	26.5	55.5	82.5	89.5	39.5	56.5	12.5	82.5	46.5	54.5	69.5	36.5	64.5	91.5	85.5	29.5	77.5	67.5	97.5	71.5	68.5	19.5	94.5	55.5	89.5	82.5	89.5	22.5	67.5	10.5	36.5	95.5	87.5	69.5	63.5	54.5	77.5	20.5	27.5	88.5	 6.5	16.5	59.5	94.5	38.5	5130	 4.5	26.5	54.5	45.5	59.5	75.5	56.5	92.5	 0.5	60.5	
45.5	69.5	12.5	25.5	12.5	 2.5	29.5	23.5	69.5	68.5	79.5	86.5	84.5	49.5	58.5	70.5	61.5	43.5	10.5	77.5	85.5	81.5	50.5	70.5	57.5	96.5	91.5	88.5	92.5	61.5	35.5	19.5	55.5	10.5	97.5	59.5	95.5	95.5	62.5	76.5	79.5	11.5	72.5	 2.5	26.5	95.5	 2.5	75.5	75.5	91.5	53.5	57.5	 7.5	31.5	34.5	11.5	71.5	95.5	84.5	67.5	66.5	90.5	66.5	25.5	26.5	39.5	56.5	95.5	42.5	 9.5	90.5	 8.5	10.5	85.5	18.5	62.5	31.5	41.5	88.5	 3.5	28.5	19.5	10.5	82.5	 6.5	67.5	 9.5	79.5	74.5	53.5	5352	60.5	 0.5	54.5	 7.5	54.5	52.5	56.5	77.5	88.5	
69.5	78.5	94.5	96.5	53.5	80.5	 0.5	19.5	50.5	46.5	23.5	 9.5	80.5	74.5	24.5	25.5	88.5	99.5	57.5	40.5	69.5	70.5	69.5	16.5	82.5	34.5	32.5	18.5	71.5	97.5	93.5	35.5	50.5	45.5	57.5	19.5	23.5	67.5	17.5	45.5	79.5	 2.5	20.5	62.5	70.5	19.5	92.5	10.5	83.5	25.5	45.5	31.5	88.5	47.5	29.5	71.5	58.5	85.5	97.5	60.5	30.5	59.5	64.5	37.5	25.5	43.5	 7.5	84.5	73.5	97.5	45.5	38.5	40.5	44.5	88.5	83.5	24.5	32.5	84.5	71.5	36.5	 1.5	22.5	60.5	94.5	33.5	 4.5	61.5	89.5	62.5	75.5	5340	57.5	55.5	88.5	84.5	17.5	85.5	31.5	47.5	
36.5	85.5	59.5	36.5	50.5	77.5	24.5	51.5	74.5	38.5	97.5	50.5	70.5	22.5	95.5	74.5	79.5	26.5	49.5	 8.5	29.5	68.5	83.5	49.5	53.5	17.5	80.5	79.5	 9.5	69.5	52.5	 3.5	60.5	99.5	42.5	27.5	98.5	50.5	84.5	 2.5	19.5	56.5	 8.5	21.5	 1.5	88.5	55.5	29.5	86.5	91.5	69.5	38.5	 4.5	66.5	 4.5	42.5	 2.5	35.5	96.5	50.5	18.5	41.5	30.5	12.5	87.5	17.5	19.5	66.5	60.5	19.5	88.5	34.5	53.5	 4.5	92.5	71.5	96.5	84.5	82.5	30.5	29.5	63.5	59.5	24.5	45.5	72.5	45.5	15.5	25.5	58.5	41.5	99.5	5002	83.5	63.5	59.5	19.5	 2.5	 0.5	61.5	
75.5	44.5	78.5	43.5	16.5	13.5	41.5	46.5	86.5	66.5	54.5	96.5	70.5	60.5	37.5	27.5	70.5	42.5	84.5	27.5	35.5	95.5	78.5	68.5	79.5	89.5	93.5	32.5	81.5	91.5	11.5	14.5	 0.5	48.5	 7.5	94.5	22.5	98.5	 2.5	 8.5	55.5	56.5	24.5	19.5	72.5	48.5	74.5	95.5	28.5	51.5	11.5	87.5	80.5	 6.5	34.5	86.5	97.5	61.5	 6.5	12.5	48.5	 6.5	73.5	55.5	49.5	48.5	 1.5	64.5	53.5	48.5	 8.5	96.5	97.5	84.5	97.5	43.5	62.5	34.5	51.5	84.5	30.5	12.5	94.5	33.5	74.5	58.5	40.5	75.5	22.5	59.5	93.5	61.5	94.5	5379	94.5	42.5	30.5	79.5	11.5	81.5	
67.5	11.5	24.5	37.5	34.5	76.5	23.5	98.5	72.5	11.5	90.5	 8.5	88.5	41.5	 1.5	61.5	 6.5	87.5	12.5	16.5	74.5	27.5	90.5	79.5	63.5	79.5	17.5	35.5	31.5	65.5	23.5	41.5	95.5	84.5	32.5	83.5	81.5	70.5	59.5	37.5	12.5	87.5	73.5	10.5	92.5	97.5	 8.5	54.5	75.5	28.5	32.5	96.5	60.5	19.5	56.5	23.5	77.5	88.5	91.5	68.5	10.5	64.5	12.5	55.5	40.5	23.5	50.5	24.5	14.5	59.5	64.5	 4.5	11.5	70.5	54.5	32.5	28.5	53.5	81.5	63.5	93.5	38.5	36.5	91.5	47.5	22.5	58.5	86.5	27.5	76.5	61.5	18.5	77.5	52.5	5105	38.5	81.5	15.5	12.5	94.5	
34.5	61.5	53.5	29.5	41.5	48.5	86.5	16.5	70.5	24.5	30.5	56.5	50.5	14.5	79.5	28.5	28.5	76.5	20.5	71.5	83.5	93.5	87.5	79.5	77.5	73.5	19.5	67.5	73.5	74.5	51.5	46.5	24.5	82.5	38.5	26.5	71.5	 0.5	37.5	28.5	84.5	90.5	97.5	32.5	56.5	56.5	90.5	75.5	72.5	66.5	13.5	 6.5	10.5	74.5	96.5	18.5	94.5	44.5	52.5	18.5	64.5	18.5	61.5	93.5	 0.5	44.5	46.5	 1.5	89.5	44.5	91.5	27.5	38.5	70.5	70.5	56.5	67.5	10.5	98.5	83.5	94.5	65.5	17.5	 0.5	17.5	60.5	46.5	48.5	67.5	62.5	94.5	22.5	49.5	62.5	10.5	5242	 7.5	 2.5	28.5	92.5	
18.5	 9.5	58.5	17.5	72.5	24.5	 5.5	23.5	54.5	97.5	 2.5	43.5	52.5	84.5	57.5	83.5	96.5	87.5	42.5	 1.5	39.5	69.5	71.5	11.5	78.5	97.5	40.5	64.5	92.5	70.5	 1.5	92.5	14.5	 0.5	89.5	12.5	48.5	95.5	88.5	85.5	62.5	62.5	30.5	75.5	51.5	99.5	80.5	49.5	25.5	53.5	60.5	76.5	66.5	97.5	24.5	23.5	 4.5	 6.5	 8.5	64.5	63.5	23.5	69.5	20.5	86.5	86.5	 8.5	88.5	27.5	55.5	83.5	41.5	65.5	17.5	56.5	85.5	99.5	44.5	83.5	42.5	15.5	90.5	82.5	 7.5	75.5	99.5	83.5	17.5	70.5	 0.5	62.5	39.5	70.5	99.5	44.5	61.5	5466	77.5	19.5	85.5	
71.5	 6.5	99.5	28.5	66.5	20.5	78.5	11.5	 0.5	76.5	83.5	67.5	32.5	40.5	22.5	82.5	93.5	46.5	16.5	35.5	61.5	54.5	96.5	53.5	50.5	69.5	92.5	64.5	24.5	82.5	82.5	32.5	49.5	11.5	25.5	38.5	64.5	50.5	98.5	80.5	84.5	 8.5	84.5	72.5	21.5	21.5	91.5	44.5	33.5	18.5	96.5	56.5	84.5	52.5	84.5	92.5	20.5	66.5	56.5	88.5	66.5	76.5	31.5	74.5	89.5	20.5	14.5	15.5	17.5	57.5	96.5	40.5	39.5	67.5	44.5	50.5	23.5	30.5	84.5	96.5	65.5	39.5	31.5	12.5	49.5	79.5	90.5	48.5	57.5	53.5	46.5	62.5	25.5	34.5	97.5	50.5	89.5	5493	44.5	71.5	
42.5	96.5	77.5	12.5	40.5	24.5	54.5	81.5	27.5	49.5	86.5	75.5	20.5	10.5	47.5	48.5	80.5	79.5	24.5	 5.5	87.5	21.5	81.5	32.5	76.5	80.5	80.5	82.5	89.5	23.5	15.5	78.5	26.5	99.5	82.5	81.5	53.5	39.5	90.5	55.5	92.5	43.5	74.5	78.5	43.5	56.5	 1.5	25.5	83.5	18.5	 5.5	 8.5	96.5	87.5	38.5	75.5	 6.5	87.5	29.5	32.5	 9.5	81.5	14.5	 5.5	15.5	45.5	96.5	89.5	 0.5	94.5	33.5	85.5	21.5	30.5	29.5	86.5	22.5	 7.5	 7.5	 5.5	72.5	84.5	81.5	75.5	75.5	16.5	20.5	86.5	47.5	71.5	72.5	35.5	54.5	35.5	 1.5	58.5	65.5	81.5	5182	11.5	
88.5	48.5	31.5	65.5	77.5	35.5	78.5	10.5	63.5	24.5	62.5	83.5	97.5	94.5	48.5	26.5	34.5	71.5	13.5	49.5	87.5	98.5	56.5	27.5	68.5	34.5	85.5	58.5	28.5	20.5	89.5	95.5	42.5	33.5	33.5	66.5	96.5	82.5	68.5	99.5	81.5	12.5	85.5	35.5	80.5	28.5	68.5	83.5	54.5	 3.5	88.5	 6.5	32.5	37.5	21.5	 5.5	 9.5	99.5	51.5	60.5	81.5	99.5	30.5	15.5	67.5	 7.5	79.5	78.5	 4.5	44.5	67.5	12.5	73.5	52.5	15.5	42.5	65.5	41.5	 8.5	19.5	86.5	53.5	59.5	71.5	46.5	35.5	24.5	64.5	89.5	12.5	34.5	20.5	77.5	53.5	38.5	81.5	32.5	58.5	41.5	5301	
