1.      0.00512242
2.      0.00120808
3.        0.003305
4.      0.00394532
5.       0.0117886
6.       0.0102689
7.      0.00829322
8.       0.0146027
9.      0.00347146
10.      0.00323181
11.       0.0143174
12.       0.0115102
13.      0.00274785
14.      0.00557499
15.     -0.00348991
16.       0.0148042
17.      0.00756052
18.      0.00337953
19.       0.0113916
20.     -0.00195288
21.      -0.0047535
22.      0.00396535
23.     -0.00271928
24.       0.0066062
25.       0.0104188
26.     -0.00550826
27.     -0.00502462
28.      0.00233141
29.      0.00417154
30.      0.00136237
31.     0.000686715
32.      0.00677635
33.       0.0115924
34.      0.00553179
35.    -0.000794967
36.      0.00135823
37.       0.0061758
38.      0.00448481
39.     -0.00433173
40.       0.0133951
41.      0.00120177
42.       0.0129133
43.      0.00459454
44.      0.00749687
45.     -0.00436338
46.      0.00679093
47.         0.01073
48.     0.000587849
49.      0.00227923
50.       0.0131846
51.     -0.00161549
52.      0.00675789
53.     -0.00226095
54.      0.00824714
55.     -0.00283543
56.       0.0137145
57.        0.005367
58.      0.00426323
59.      0.00700185
60.       0.0126525
61.     0.000906799
62.       0.0106654
63.      0.00657602
64.      0.00853077
65.       0.0113662
66.      0.00636946
67.      0.00170985
68.      0.00547354
69.       0.0129638
70.     -0.00181039
71.      0.00748952
72.     -0.00392402
73.       0.0161541
74.      0.00589163
75.      0.00717355
76.      0.00674787
77.      0.00686806
78.       0.0010563
79.       0.0132735
80.      0.00689525
81.     -0.00498376
82.        0.013067
83.       0.0133523
84.       0.0113816
85.      0.00147822
86.       0.0063409
87.       0.0102911
88.       0.0144463
89.     -0.00055623
90.       0.0162601
91.     -0.00411868
92.      0.00879524
93.       0.0131183
94.    -0.000652914
95.     -0.00213174
96.     -0.00234166
97.       0.0120004
98.     -0.00366162
99.      5.4709e-05
100.      0.00951523
